4670.0
4492.0
4180.0
4180.0
4180.0
4180.0
4180.0
4180.0
4180.0
4180.0
4026.0
4026.0
4026.0
3957.0
3957.0
3809.0
3809.0
3809.0
3809.0
3809.0
3809.0
3809.0
3809.0
3809.0
3809.0
3809.0
3809.0
3809.0
3809.0
3809.0
3809.0
3809.0
3809.0
3809.0
3809.0
3809.0
3809.0
3809.0
3809.0
3809.0
3809.0
3809.0
3809.0
3809.0
3809.0
3809.0
3809.0
3809.0
3809.0
3809.0
3809.0
3809.0
3809.0
3809.0
3809.0
3809.0
3809.0
3809.0
3809.0
3809.0
3809.0
3809.0
3809.0
3809.0
3809.0
3809.0
3809.0
3809.0
3809.0
3809.0
3809.0
3809.0
3781.0
3781.0
3781.0
3781.0
3781.0
3781.0
3781.0
3781.0
3781.0
3781.0
3781.0
3781.0
3781.0
3781.0
3781.0
3781.0
3699.0
3699.0
3699.0
3699.0
3699.0
3699.0
3699.0
3699.0
3699.0
3699.0
3699.0
3699.0
