4309.0
4219.0
4219.0
4219.0
4219.0
4219.0
4219.0
3973.0
3973.0
3973.0
3973.0
3973.0
3973.0
3973.0
3973.0
3973.0
3973.0
3973.0
3973.0
3973.0
3973.0
3973.0
3973.0
3973.0
3973.0
3973.0
3973.0
3973.0
3973.0
3973.0
3973.0
3973.0
3973.0
3973.0
3973.0
3973.0
3973.0
3973.0
3973.0
3973.0
3973.0
3973.0
3973.0
3973.0
3973.0
3973.0
3973.0
3973.0
3973.0
3973.0
3973.0
3973.0
3973.0
3973.0
3973.0
3973.0
3973.0
3973.0
3973.0
3973.0
3973.0
3973.0
3973.0
3973.0
3973.0
3973.0
3973.0
3973.0
3973.0
3973.0
3973.0
3973.0
3973.0
3973.0
3973.0
3973.0
3973.0
3973.0
3973.0
3973.0
3973.0
3973.0
3973.0
3973.0
3973.0
3973.0
3973.0
3973.0
3973.0
3973.0
3973.0
3973.0
3973.0
3973.0
3973.0
3973.0
3973.0
3973.0
3973.0
3973.0
