4549.0
4537.0
4537.0
4534.0
4378.0
4378.0
4378.0
4378.0
4296.0
4296.0
4296.0
4296.0
4159.0
4154.0
4154.0
4154.0
4154.0
4154.0
4154.0
4154.0
4154.0
4154.0
4154.0
4154.0
4154.0
4154.0
4154.0
4154.0
4154.0
4154.0
4154.0
4154.0
4154.0
4154.0
4154.0
4154.0
4154.0
4154.0
4154.0
4154.0
4154.0
4154.0
4154.0
4154.0
4154.0
4154.0
4154.0
4154.0
4154.0
4154.0
4154.0
4154.0
4154.0
4154.0
4154.0
4154.0
4154.0
4154.0
4154.0
4154.0
4154.0
4154.0
4154.0
4154.0
4154.0
4154.0
4154.0
4154.0
4154.0
4154.0
4154.0
4154.0
4154.0
4154.0
4154.0
4154.0
4154.0
4154.0
4154.0
4154.0
4154.0
4154.0
4154.0
4154.0
4154.0
4154.0
4154.0
4154.0
4154.0
4154.0
4154.0
4154.0
4154.0
4154.0
4154.0
4154.0
4154.0
4154.0
4154.0
4154.0
