4484.0
4484.0
4484.0
4423.0
4423.0
4423.0
4399.0
4187.0
4187.0
4187.0
4187.0
4187.0
4187.0
3956.0
3956.0
3956.0
3956.0
3956.0
3956.0
3956.0
3956.0
3956.0
3956.0
3956.0
3956.0
3956.0
3956.0
3956.0
3956.0
3956.0
3956.0
3956.0
3956.0
3956.0
3956.0
3956.0
3956.0
3956.0
3956.0
3956.0
3956.0
3956.0
3956.0
3956.0
3956.0
3956.0
3956.0
3956.0
3956.0
3956.0
3956.0
3956.0
3956.0
3956.0
3956.0
3956.0
3956.0
3956.0
3956.0
3956.0
3956.0
3956.0
3956.0
3956.0
3956.0
3934.0
3934.0
3934.0
3934.0
3934.0
3934.0
3934.0
3934.0
3934.0
3934.0
3934.0
3934.0
3934.0
3934.0
3934.0
3934.0
3934.0
3934.0
3934.0
3934.0
3934.0
3934.0
3934.0
3934.0
3934.0
3934.0
3934.0
3934.0
3934.0
3934.0
3934.0
3934.0
3934.0
3934.0
3934.0
