4788.0
4425.0
4325.0
4220.0
4220.0
4220.0
4220.0
4220.0
4220.0
4220.0
4220.0
4220.0
4220.0
4220.0
4220.0
4220.0
4220.0
4220.0
4220.0
4220.0
4220.0
4220.0
4220.0
4220.0
4220.0
4220.0
4220.0
4220.0
4220.0
4220.0
4220.0
4220.0
4220.0
4220.0
4220.0
4220.0
4220.0
4063.0
4063.0
4063.0
4063.0
4063.0
4063.0
4063.0
4063.0
4063.0
4063.0
3981.0
3981.0
3981.0
3981.0
3981.0
3981.0
3981.0
3981.0
3981.0
3981.0
3981.0
3981.0
3981.0
3981.0
3981.0
3981.0
3981.0
3981.0
3981.0
3981.0
3981.0
3981.0
3981.0
3981.0
3981.0
3981.0
3981.0
3981.0
3981.0
3981.0
3981.0
3981.0
3981.0
3981.0
3981.0
3981.0
3729.0
3729.0
3729.0
3729.0
3729.0
3729.0
3729.0
3729.0
3729.0
3729.0
3729.0
3729.0
3729.0
3729.0
3729.0
3729.0
3729.0
