4674.0
4419.0
4419.0
4270.0
4270.0
4270.0
4270.0
4270.0
4270.0
4270.0
4270.0
4270.0
4270.0
4270.0
4270.0
4270.0
4270.0
4270.0
4270.0
4270.0
4270.0
4270.0
4270.0
4270.0
4270.0
4270.0
4270.0
4270.0
4270.0
4270.0
4270.0
4270.0
4270.0
4270.0
4270.0
4270.0
4270.0
4270.0
4270.0
4270.0
4270.0
4270.0
4270.0
4270.0
4270.0
4270.0
4270.0
4270.0
4270.0
4270.0
4270.0
4270.0
4270.0
4270.0
4270.0
4264.0
4264.0
4264.0
4264.0
4264.0
4264.0
4264.0
4264.0
4264.0
4264.0
4264.0
4264.0
4264.0
4264.0
4264.0
4264.0
4160.0
4160.0
4160.0
4113.0
4113.0
4113.0
4113.0
4113.0
4113.0
4113.0
4113.0
4113.0
4029.0
4029.0
4029.0
4029.0
4029.0
4029.0
4029.0
4029.0
4029.0
4029.0
4029.0
4029.0
4029.0
4029.0
4028.0
4028.0
3987.0
