4787.0
4332.0
4246.0
4246.0
4246.0
4246.0
4246.0
4246.0
4246.0
4246.0
4246.0
4246.0
4167.0
4167.0
4167.0
4167.0
4167.0
4167.0
4167.0
4167.0
4167.0
4167.0
4167.0
4167.0
4167.0
4167.0
4167.0
4167.0
4167.0
4167.0
4167.0
4167.0
4167.0
4167.0
4167.0
4167.0
4085.0
4085.0
4085.0
4085.0
4085.0
4085.0
4085.0
4085.0
4085.0
4085.0
4085.0
4085.0
4085.0
4085.0
4085.0
4085.0
4085.0
4085.0
4085.0
4085.0
4085.0
4085.0
4085.0
4085.0
4085.0
4085.0
4085.0
4085.0
4085.0
4085.0
4085.0
4085.0
4085.0
4085.0
4085.0
4085.0
4085.0
4085.0
4085.0
4085.0
4001.0
4001.0
4001.0
4001.0
4001.0
4001.0
4001.0
4001.0
4001.0
4001.0
4001.0
4001.0
4001.0
4001.0
3951.0
3951.0
3951.0
3777.0
3777.0
3777.0
3777.0
3777.0
3777.0
3777.0
