4183.0
4183.0
4183.0
4183.0
4183.0
4183.0
4183.0
4183.0
4183.0
4183.0
4183.0
4183.0
4183.0
4183.0
4183.0
4183.0
4183.0
4183.0
4183.0
4183.0
4183.0
4183.0
4183.0
4183.0
4183.0
4183.0
4057.0
4057.0
4057.0
4057.0
4057.0
4057.0
4057.0
4057.0
4057.0
4057.0
4057.0
4057.0
4049.0
4049.0
4049.0
4049.0
4049.0
4049.0
4049.0
4049.0
4049.0
4049.0
4049.0
4049.0
4049.0
4049.0
4049.0
4049.0
4049.0
4049.0
4049.0
4049.0
4049.0
4049.0
4049.0
4001.0
4001.0
4001.0
4001.0
4001.0
3991.0
3991.0
3991.0
3991.0
3991.0
3991.0
3991.0
3914.0
3914.0
3914.0
3914.0
3914.0
3914.0
3914.0
3914.0
3914.0
3914.0
3914.0
3914.0
3914.0
3914.0
3914.0
3914.0
3914.0
3914.0
3914.0
3914.0
3914.0
3914.0
3914.0
3914.0
3914.0
3914.0
3914.0
