4822.0
4752.0
4918.0
4906.0
4828.0
4765.0
4717.0
4721.0
4780.0
4627.0
4662.0
4717.0
4754.0
4703.0
4872.0
4827.0
4721.0
4694.0
4758.0
4735.0
4629.0
4688.0
4790.0
4745.0
4860.0
4907.0
5042.0
4925.0
4840.0
4840.0
4846.0
4889.0
4873.0
4841.0
4841.0
4895.0
4894.0
4916.0
4787.0
4712.0
4779.0
4796.0
4707.0
4778.0
4766.0
4725.0
4821.0
4764.0
4661.0
4721.0
4727.0
4860.0
4796.0
4801.0
4915.0
4914.0
4984.0
5033.0
4951.0
4912.0
4846.0
4852.0
4818.0
4826.0
4769.0
4652.0
4679.0
4548.0
4498.0
4558.0
4671.0
4777.0
4765.0
4704.0
4648.0
4610.0
4730.0
4737.0
4899.0
4806.0
4762.0
4617.0
4735.0
4906.0
4877.0
4916.0
4788.0
4865.0
4763.0
4909.0
5016.0
5120.0
5093.0
5165.0
5060.0
5139.0
5020.0
4870.0
5045.0
5110.0
5064.0
5038.0
5116.0
5054.0
4972.0
5016.0
5189.0
5072.0
4980.0
5109.0
5216.0
5442.0
5309.0
5309.0
5349.0
5381.0
5339.0
5336.0
5216.0
5118.0
5130.0
5196.0
5092.0
5298.0
5312.0
5299.0
5473.0
5408.0
5335.0
5376.0
5320.0
5421.0
5470.0
5464.0
5363.0
5399.0
5294.0
5161.0
5161.0
5121.0
5158.0
5163.0
5248.0
5212.0
5147.0
5104.0
5139.0
4993.0
4990.0
4963.0
5091.0
5128.0
5058.0
5058.0
5082.0
5043.0
5015.0
5034.0
4971.0
4908.0
4951.0
5060.0
5108.0
5149.0
5088.0
4931.0
4969.0
4947.0
4904.0
4957.0
4914.0
4989.0
4989.0
4997.0
5038.0
5104.0
5001.0
5086.0
5158.0
5184.0
5184.0
5062.0
5195.0
5236.0
5145.0
5145.0
5069.0
5077.0
5078.0
5078.0
4986.0
5046.0
5046.0
5062.0
5151.0
5099.0
5099.0
5017.0
4980.0
5012.0
5186.0
5186.0
5151.0
5270.0
5314.0
5314.0
5387.0
5357.0
5369.0
5273.0
5378.0
5378.0
5416.0
5388.0
5318.0
5318.0
5280.0
5280.0
5358.0
5363.0
5275.0
5260.0
5122.0
5188.0
5281.0
5225.0
5228.0
5338.0
5200.0
5116.0
5143.0
5087.0
5129.0
5191.0
5233.0
5290.0
5234.0
5215.0
5118.0
5122.0
5112.0
5070.0
5073.0
4956.0
5004.0
4998.0
5064.0
5038.0
5162.0
5236.0
5113.0
5113.0
5072.0
4954.0
5017.0
4959.0
4959.0
4890.0
4776.0
4776.0
4776.0
4727.0
4629.0
4501.0
4565.0
4506.0
4446.0
4534.0
4534.0
4534.0
4612.0
4578.0
4578.0
4452.0
4452.0
4343.0
4261.0
4348.0
4400.0
4556.0
4593.0
4698.0
4588.0
4537.0
4511.0
4485.0
4439.0
4403.0
4380.0
4444.0
4457.0
4431.0
4431.0
4354.0
4354.0
4380.0
4442.0
4505.0
4364.0
4356.0
4417.0
4362.0
4362.0
4389.0
4298.0
4298.0
4245.0
4181.0
4227.0
4250.0
4306.0
4402.0
4398.0
4385.0
4415.0
4357.0
4357.0
4281.0
4284.0
4386.0
4409.0
4304.0
4370.0
4339.0
4352.0
4352.0
4560.0
4505.0
4505.0
4582.0
4582.0
4582.0
4582.0
4581.0
4553.0
4553.0
4635.0
4635.0
4680.0
4580.0
4732.0
4639.0
4530.0
4513.0
4398.0
4398.0
4344.0
4401.0
4229.0
4229.0
4243.0
4087.0
4087.0
4060.0
4094.0
4272.0
4272.0
4313.0
4501.0
4501.0
4418.0
4371.0
4364.0
4483.0
4529.0
4508.0
4517.0
4637.0
4634.0
4874.0
4771.0
4829.0
4874.0
4852.0
4932.0
4858.0
4798.0
4798.0
4814.0
4802.0
4802.0
4713.0
4622.0
4622.0
4744.0
4781.0
4781.0
4744.0
4802.0
4752.0
4752.0
4767.0
4722.0
4622.0
4592.0
4592.0
4529.0
4421.0
4421.0
4315.0
4290.0
4296.0
4293.0
4293.0
4298.0
4247.0
4247.0
4383.0
4424.0
4549.0
4549.0
4405.0
4405.0
4405.0
4313.0
4508.0
4487.0
4510.0
4442.0
4442.0
4522.0
4514.0
4454.0
4400.0
4472.0
4443.0
4436.0
4411.0
4411.0
4632.0
4632.0
4729.0
4898.0
4775.0
4577.0
4577.0
4424.0
4323.0
4460.0
4409.0
4502.0
4502.0
4419.0
4419.0
4466.0
4419.0
4419.0
4486.0
4652.0
4652.0
4711.0
4711.0
4690.0
4586.0
4627.0
4650.0
4541.0
4510.0
4510.0
4365.0
4365.0
4419.0
4490.0
4389.0
4389.0
4389.0
4301.0
4301.0
4301.0
4376.0
4471.0
4471.0
4350.0
4350.0
4252.0
4397.0
4312.0
4312.0
4362.0
4338.0
4361.0
4306.0
4370.0
4443.0
4483.0
4455.0
4491.0
4470.0
4504.0
4307.0
4330.0
4330.0
4253.0
4323.0
4448.0
4448.0
4448.0
4427.0
4382.0
4382.0
4462.0
4419.0
4500.0
4500.0
4789.0
4789.0
4789.0
4789.0
4937.0
4947.0
4947.0
4947.0
4947.0
4878.0
4847.0
4847.0
4857.0
4813.0
4708.0
4708.0
4584.0
4584.0
4488.0
4488.0
4488.0
4488.0
4488.0
4488.0
4661.0
4593.0
4541.0
4489.0
4575.0
4629.0
4487.0
4604.0
4604.0
4562.0
4441.0
4441.0
4535.0
4535.0
4535.0
4535.0
4466.0
4562.0
4405.0
4405.0
4407.0
4342.0
4373.0
4373.0
4365.0
4365.0
4268.0
4211.0
4060.0
4060.0
4005.0
4005.0
4086.0
4086.0
4122.0
4220.0
4220.0
4218.0
4191.0
4034.0
4176.0
4176.0
4087.0
4148.0
4305.0
4305.0
4305.0
4384.0
4384.0
4309.0
4237.0
4146.0
4146.0
4104.0
4104.0
4104.0
4104.0
4104.0
4074.0
4025.0
4013.0
4013.0
3989.0
3989.0
4191.0
4191.0
4191.0
4191.0
4073.0
4014.0
4014.0
4148.0
4148.0
4118.0
4118.0
4034.0
4146.0
4129.0
4086.0
4230.0
4230.0
4315.0
4297.0
4346.0
4514.0
4479.0
4465.0
4502.0
4305.0
4321.0
4321.0
4493.0
4493.0
4493.0
4493.0
4490.0
4490.0
4444.0
4384.0
4285.0
4269.0
4269.0
4269.0
4382.0
4382.0
4382.0
4429.0
4362.0
4362.0
4362.0
4479.0
4473.0
4558.0
4497.0
4487.0
4597.0
4406.0
4550.0
4607.0
4607.0
4607.0
4607.0
4585.0
4585.0
4585.0
4525.0
4471.0
4486.0
4486.0
4473.0
4520.0
4454.0
4454.0
4454.0
4454.0
4509.0
4509.0
4509.0
4456.0
4456.0
4525.0
4634.0
4740.0
4677.0
4666.0
4666.0
4638.0
4638.0
4638.0
4594.0
4385.0
4385.0
4334.0
4334.0
4334.0
4334.0
4232.0
4232.0
4180.0
4180.0
4167.0
4167.0
4188.0
4324.0
4324.0
4320.0
4321.0
4313.0
4313.0
4313.0
4297.0
4297.0
4297.0
4250.0
4250.0
4250.0
4332.0
4118.0
4118.0
4079.0
4079.0
4027.0
4112.0
4112.0
4112.0
4039.0
4039.0
4035.0
4027.0
3953.0
3953.0
3953.0
4015.0
4015.0
4015.0
4015.0
4015.0
4086.0
4031.0
4031.0
4172.0
4105.0
4051.0
4051.0
4051.0
4029.0
4029.0
3960.0
3960.0
3943.0
3943.0
3943.0
3943.0
3884.0
3727.0
3727.0
3646.0
3659.0
3659.0
3627.0
3627.0
3627.0
3601.0
3601.0
3601.0
3601.0
3601.0
3601.0
3601.0
3559.0
3566.0
3566.0
3672.0
3672.0
3672.0
3672.0
3632.0
3618.0
3618.0
3618.0
3618.0
3618.0
3618.0
3675.0
3607.0
3737.0
3737.0
3737.0
3737.0
3705.0
3660.0
3660.0
3660.0
3660.0
3613.0
3613.0
3613.0
3733.0
3705.0
3705.0
3705.0
3699.0
3506.0
3506.0
3681.0
3681.0
3681.0
3642.0
3642.0
3642.0
3585.0
3585.0
3585.0
3585.0
3560.0
3550.0
3550.0
3550.0
3550.0
3550.0
3525.0
3525.0
3525.0
3525.0
3525.0
3523.0
3523.0
3523.0
3523.0
3549.0
3549.0
3549.0
3512.0
3493.0
3493.0
3482.0
3482.0
3482.0
3482.0
3482.0
3482.0
3460.0
3460.0
3460.0
3358.0
3350.0
3350.0
3350.0
3350.0
3350.0
3350.0
3350.0
3350.0
3350.0
3286.0
3286.0
3286.0
3286.0
3235.0
3235.0
3250.0
3250.0
3250.0
3250.0
3250.0
3250.0
3250.0
3250.0
3216.0
3143.0
3143.0
3143.0
3143.0
3279.0
3279.0
3217.0
3217.0
3217.0
3188.0
3188.0
3156.0
3156.0
3156.0
3156.0
3156.0
3064.0
3064.0
3064.0
3080.0
3080.0
3172.0
3172.0
3172.0
3172.0
3172.0
3172.0
3152.0
3152.0
3112.0
3096.0
3009.0
3009.0
3009.0
3151.0
3151.0
3151.0
3151.0
3151.0
3187.0
3174.0
3238.0
3238.0
3238.0
3238.0
3238.0
3238.0
3237.0
3237.0
3271.0
3271.0
3271.0
3271.0
3271.0
3264.0
3234.0
3234.0
3234.0
3234.0
3234.0
3401.0
3401.0
3401.0
3544.0
3544.0
3506.0
3516.0
3516.0
3516.0
3516.0
3516.0
3384.0
3271.0
3271.0
3271.0
3271.0
3271.0
3271.0
3271.0
3271.0
3271.0
3271.0
3271.0
3395.0
3395.0
3395.0
3395.0
3395.0
3395.0
3395.0
3395.0
3395.0
3388.0
3388.0
3388.0
3388.0
3567.0
3514.0
3514.0
3514.0
3514.0
3514.0
3514.0
3514.0
3514.0
3514.0
3514.0
3514.0
3510.0
3477.0
3477.0
3423.0
3423.0
3415.0
3415.0
3415.0
3415.0
3415.0
3415.0
3415.0
3415.0
3415.0
3415.0
3415.0
3415.0
3412.0
3306.0
3292.0
3292.0
3292.0
3292.0
3276.0
3276.0
3276.0
3263.0
3263.0
3217.0
3217.0
3217.0
3217.0
3217.0
3215.0
3211.0
