4238.0
4238.0
4238.0
4238.0
4238.0
4233.0
4233.0
4137.0
4137.0
4137.0
4137.0
4132.0
4132.0
4132.0
4034.0
4034.0
3957.0
3957.0
3899.0
3815.0
3815.0
3808.0
3808.0
3808.0
3791.0
3791.0
3791.0
3791.0
3789.0
3763.0
3746.0
3735.0
3640.0
3516.0
3516.0
3516.0
3439.0
3439.0
3439.0
3439.0
3439.0
3439.0
3439.0
3439.0
3364.0
3364.0
3363.0
3363.0
3363.0
3363.0
3363.0
3363.0
3290.0
3290.0
3260.0
3210.0
3210.0
3210.0
3118.0
3118.0
3057.0
3057.0
3057.0
3057.0
3036.0
3036.0
2991.0
2991.0
2991.0
2991.0
2982.0
2976.0
2976.0
2976.0
2963.0
2963.0
2963.0
2963.0
2963.0
2963.0
2963.0
2963.0
2962.0
2962.0
2956.0
2951.0
2817.0
2817.0
2817.0
2817.0
2817.0
2817.0
2817.0
2817.0
2817.0
2817.0
2794.0
2743.0
2743.0
2743.0
